# name: debug
# type: sparse matrix
# nnz: 891
# rows: 63
# columns: 63

1 1 1600.00018
2 1 0
3 1 0
4 1 -800.000132
5 1 0
6 1 0
61 1 4.44089221e-05
62 1 0
63 1 0
1 2 0
2 2 1200
3 2 600
4 2 0
5 2 -600
6 2 0
61 2 0
62 2 0
63 2 0
1 3 0
2 3 600
3 3 1400
4 3 0
5 3 -600
6 3 -400
61 3 0
62 3 0
63 3 0
1 4 -800.000132
2 4 0
3 4 0
4 4 1600.00026
5 4 0
6 4 0
7 4 -800.000132
8 4 0
9 4 0
61 4 0
62 4 0
63 4 0
1 5 0
2 5 -600
3 5 -600
4 5 0
5 5 1200
6 5 600
7 5 0
8 5 -600
9 5 0
61 5 0
62 5 0
63 5 0
1 6 0
2 6 0
3 6 -400
4 6 0
5 6 600
6 6 1400
7 6 0
8 6 -600
9 6 -400
61 6 0
62 6 0
63 6 0
4 7 -800.000132
5 7 0
6 7 0
7 7 1600.00026
8 7 0
9 7 0
10 7 -800.000132
11 7 0
12 7 0
61 7 0
62 7 0
63 7 0
4 8 0
5 8 -600
6 8 -600
7 8 0
8 8 1200
9 8 600
10 8 0
11 8 -600
12 8 0
61 8 0
62 8 0
63 8 0
4 9 0
5 9 0
6 9 -400
7 9 0
8 9 600
9 9 1400
10 9 0
11 9 -600
12 9 -400
61 9 0
62 9 0
63 9 0
7 10 -800.000132
8 10 0
9 10 0
10 10 1600.00026
11 10 0
12 10 0
13 10 -800.000132
14 10 0
15 10 0
61 10 0
62 10 0
63 10 0
7 11 0
8 11 -600
9 11 -600
10 11 0
11 11 1200
12 11 600
13 11 0
14 11 -600
15 11 0
61 11 0
62 11 0
63 11 0
7 12 0
8 12 0
9 12 -400
10 12 0
11 12 600
12 12 1400
13 12 0
14 12 -600
15 12 -400
61 12 0
62 12 0
63 12 0
10 13 -800.000132
11 13 0
12 13 0
13 13 1600.00026
14 13 0
15 13 0
16 13 -800.000132
17 13 0
18 13 0
61 13 0
62 13 0
63 13 0
10 14 0
11 14 -600
12 14 -600
13 14 0
14 14 1200
15 14 600
16 14 0
17 14 -600
18 14 0
61 14 0
62 14 0
63 14 0
10 15 0
11 15 0
12 15 -400
13 15 0
14 15 600
15 15 1400
16 15 0
17 15 -600
18 15 -400
61 15 0
62 15 0
63 15 0
13 16 -800.000132
14 16 0
15 16 0
16 16 1600.00026
17 16 0
18 16 0
19 16 -800.000132
20 16 0
21 16 0
61 16 0
62 16 0
63 16 0
13 17 0
14 17 -600
15 17 -600
16 17 0
17 17 1200
18 17 600
19 17 0
20 17 -600
21 17 0
61 17 0
62 17 0
63 17 0
13 18 0
14 18 0
15 18 -400
16 18 0
17 18 600
18 18 1400
19 18 0
20 18 -600
21 18 -400
61 18 0
62 18 0
63 18 0
16 19 -800.000132
17 19 0
18 19 0
19 19 1600.00026
20 19 0
21 19 0
22 19 -800.000132
23 19 0
24 19 0
61 19 0
62 19 0
63 19 0
16 20 0
17 20 -600
18 20 -600
19 20 0
20 20 1200
21 20 600
22 20 0
23 20 -600
24 20 0
61 20 0
62 20 0
63 20 0
16 21 0
17 21 0
18 21 -400
19 21 0
20 21 600
21 21 1400
22 21 0
23 21 -600
24 21 -400
61 21 0
62 21 0
63 21 0
19 22 -800.000132
20 22 0
21 22 0
22 22 1600.00026
23 22 0
24 22 0
25 22 -800.000132
26 22 0
27 22 0
61 22 0
62 22 0
63 22 0
19 23 0
20 23 -600
21 23 -600
22 23 0
23 23 1200
24 23 600
25 23 0
26 23 -600
27 23 0
61 23 0
62 23 0
63 23 0
19 24 0
20 24 0
21 24 -400
22 24 0
23 24 600
24 24 1400
25 24 0
26 24 -600
27 24 -400
61 24 0
62 24 0
63 24 0
22 25 -800.000132
23 25 0
24 25 0
25 25 1600.00026
26 25 -0.000539474444
27 25 -0.000539474444
28 25 -800.000132
29 25 0.000539474444
30 25 0
61 25 4.22494395e-09
62 25 0
63 25 0
22 26 0
23 26 -600
24 26 -600
25 26 -0.000539474444
26 26 1200
27 26 600
28 26 0.000539474444
29 26 -600
30 26 0
61 26 -0.000539474326
62 26 0
63 26 0
22 27 0
23 27 0
24 27 -400
25 27 -0.000539474444
26 27 600
27 27 1400.00007
28 27 0.000539474444
29 27 -600
30 27 -400.000066
61 27 -0.000539474326
62 27 0
63 27 1256.63614
25 28 -800.000132
26 28 0.000539474444
27 28 0.000539474444
28 28 1600.00026
29 28 -0.000368405077
30 28 -0.000171069499
31 28 -800.000132
32 28 -0.000171069367
33 28 0
61 28 -1600.00018
62 28 0
63 28 0
25 29 0.000539474444
26 29 -600
27 29 -600
28 29 -0.000368405077
29 29 1200
30 29 -600.00005
31 29 -0.000171069367
32 29 -600
33 29 0
61 29 0.00196055984
62 29 0
63 29 0
25 30 0
26 30 0
27 30 -400.000066
28 30 -0.000171069499
29 30 -600.00005
30 30 1400.00023
31 30 0.000171069499
32 30 600.00005
33 30 -400.000066
61 30 -0.00142108551
62 30 0
63 30 -1256.63614
28 31 -800.000132
29 31 -0.000171069367
30 31 0.000171069499
31 31 1600.00026
32 31 0.000342138734
33 31 0.00125001609
34 31 -800.000132
35 31 0.000539473428
36 31 0
61 31 0
62 31 0
63 31 0
28 32 -0.000171069367
29 32 -600
30 32 600.00005
31 32 0.000342138734
32 32 1200
33 32 -600.00005
34 32 -0.000171069367
35 32 -600
36 32 0
61 32 0
62 32 0
63 32 0
28 33 0
29 33 0
30 33 -400.000066
31 33 0.00125001609
32 33 -600.00005
33 33 1400.00023
34 33 -0.00125001609
35 33 600.00005
36 33 -400.000066
61 33 -0.00284217102
62 33 0
63 33 0
31 34 -800.000132
32 34 -0.000171069367
33 34 -0.00125001609
34 34 1600.00026
35 34 -0.00107894686
36 34 0.000539473296
37 34 -800.000132
38 34 0.000539473428
39 34 0
61 34 0
62 34 0
63 34 0
31 35 0.000539473428
32 35 -600
33 35 600.00005
34 35 -0.00107894686
35 35 1200
36 35 -600.00005
37 35 0.000539473428
38 35 -600
39 35 0
61 35 0
62 35 0
63 35 0
31 36 0
32 36 0
33 36 -400.000066
34 36 0.000539473296
35 36 -600.00005
36 36 1400.00023
37 36 -0.000539473296
38 36 600.00005
39 36 -400.000066
61 36 -0.00213162827
62 36 0
63 36 0
34 37 -800.000132
35 37 0.000539473428
36 37 -0.000539473296
37 37 1600.00026
38 37 -0.00107894686
39 37 0.000539473296
40 37 -800.000132
41 37 0.000539473428
42 37 0
61 37 0
62 37 0
63 37 0
34 38 0.000539473428
35 38 -600
36 38 600.00005
37 38 -0.00107894686
38 38 1200
39 38 -600.00005
40 38 0.000539473428
41 38 -600
42 38 0
61 38 0
62 38 0
63 38 0
34 39 0
35 39 0
36 39 -400.000066
37 39 0.000539473296
38 39 -600.00005
39 39 1400.00023
40 39 -0.000539473296
41 39 600.00005
42 39 -400.000066
61 39 -0.00213162827
62 39 0
63 39 0
37 40 -800.000132
38 40 0.000539473428
39 40 -0.000539473296
40 40 1600.00026
41 40 -0.00107894686
42 40 0.000539473296
43 40 -800.000132
44 40 0.000539473428
45 40 0
61 40 0
62 40 0
63 40 0
37 41 0.000539473428
38 41 -600
39 41 600.00005
40 41 -0.00107894686
41 41 1200
42 41 -600.00005
43 41 0.000539474444
44 41 -600
45 41 0
61 41 0
62 41 0
63 41 0
37 42 0
38 42 0
39 42 -400.000066
40 42 0.000539473296
41 42 -600.00005
42 42 1400.00023
43 42 -0.000539474312
44 42 600.00005
45 42 -400.000066
61 42 -0.00213162827
62 42 0
63 42 0
40 43 -800.000132
41 43 0.000539474444
42 43 -0.000539474312
43 43 1600.00026
44 43 -0.00107894889
45 43 0.000539474312
46 43 -800.000132
47 43 0.000539474444
48 43 0
61 43 0
62 43 0
63 43 0
40 44 0.000539473428
41 44 -600
42 44 600.00005
43 44 -0.00107894889
44 44 1200
45 44 -600.00005
46 44 0.000539474444
47 44 -600
48 44 0
61 44 0
62 44 0
63 44 0
40 45 0
41 45 0
42 45 -400.000066
43 45 0.000539474312
44 45 -600.00005
45 45 1400.00023
46 45 -0.000539474312
47 45 600.00005
48 45 -400.000066
61 45 -0.00213162827
62 45 0
63 45 0
43 46 -800.000132
44 46 0.000539474444
45 46 -0.000539474312
46 46 1600.00026
47 46 -0.00107894889
48 46 0.000539474312
49 46 -800.000132
50 46 0.000539474444
51 46 0
61 46 0
62 46 0
63 46 0
43 47 0.000539474444
44 47 -600
45 47 600.00005
46 47 -0.00107894889
47 47 1200
48 47 -600.00005
49 47 0.000539474444
50 47 -600
51 47 0
61 47 0
62 47 0
63 47 0
43 48 0
44 48 0
45 48 -400.000066
46 48 0.000539474312
47 48 -600.00005
48 48 1400.00023
49 48 -0.000539474312
50 48 600.00005
51 48 -400.000066
61 48 -0.00213162827
62 48 0
63 48 0
46 49 -800.000132
47 49 0.000539474444
48 49 -0.000539474312
49 49 1600.00026
50 49 -0.00107894889
51 49 0.000539474312
52 49 -800.000132
53 49 0.000539474444
54 49 0
61 49 0
62 49 0
63 49 0
46 50 0.000539474444
47 50 -600
48 50 600.00005
49 50 -0.00107894889
50 50 1200
51 50 -600.00005
52 50 0.000539474444
53 50 -600
54 50 0
61 50 0
62 50 0
63 50 0
46 51 0
47 51 0
48 51 -400.000066
49 51 0.000539474312
50 51 -600.00005
51 51 1400.00023
52 51 -0.000539474312
53 51 600.00005
54 51 -400.000066
61 51 -0.00213162827
62 51 0
63 51 0
49 52 -800.000132
50 52 0.000539474444
51 52 -0.000539474312
52 52 1600.00026
53 52 -0.00107894889
54 52 0.000539474312
55 52 -800.000132
56 52 0.000539474444
57 52 0
61 52 0
62 52 0
63 52 0
49 53 0.000539474444
50 53 -600
51 53 600.00005
52 53 -0.00107894889
53 53 1200
54 53 -600.00005
55 53 0.000539474444
56 53 -600
57 53 0
61 53 0
62 53 0
63 53 0
49 54 0
50 54 0
51 54 -400.000066
52 54 0.000539474312
53 54 -600.00005
54 54 1400.00023
55 54 -0.000539474312
56 54 600.00005
57 54 -400.000066
61 54 -0.00213162827
62 54 0
63 54 0
52 55 -800.000132
53 55 0.000539474444
54 55 -0.000539474312
